0 0.772727272727 0.272727272727
1 0.545454545455 0.181818181818
2 0.636363636364 0.227272727273
3 0.954545454545 0.227272727273
0 0.727272727273 0.409090909091
1 0.818181818182 0.409090909091
2 0.772727272727 0.181818181818
3 0.590909090909 0.363636363636
0 0.5 0.36363636363636365
1 0.7272727272727273 0.5
2 0.5909090909090909 0.36363636363636365
3 0.6363636363636364 0.36363636363636365
0 0.954545454545 0.454545454545
1 0.727272727273 0.363636363636
0 0.818181818182 0.272727272727
1 0.5 0.227272727273
2 0.818181818182 0.409090909091
3 0.681818181818 0.5
0 0.45454545454545453 0.18181818181818182
1 0.5909090909090909 0.2727272727272727
2 0.8181818181818182 0.13636363636363635
0 0.454545454545 0.272727272727
1 0.681818181818 0.454545454545
2 0.772727272727 0.363636363636
0 0.772727272727 0.409090909091
1 0.727272727273 0.181818181818
2 0.772727272727 0.409090909091
1 0.5454545454545454 0.36363636363636365
2 0.5 0.45454545454545453
3 0.5 0.5
0 0.636363636364 0.454545454545
1 0.772727272727 0.454545454545
2 0.727272727273 0.363636363636
3 0.818181818182 0.318181818182
0 0.545454545455 0.363636363636
1 0.590909090909 0.363636363636
2 0.727272727273 0.272727272727
3 0.636363636364 0.5
0 0.727272727273 0.5
1 0.454545454545 0.363636363636
3 0.727272727273 0.272727272727
0 0.772727272727 0.454545454545
2 0.545454545455 0.409090909091
3 0.681818181818 0.272727272727
0 0.636363636364 0.318181818182
1 0.545454545455 0.272727272727
2 0.909090909091 0.454545454545
3 0.5 0.454545454545
4 0.636363636364 0.227272727273
5 0.818181818182 0.318181818182
